name: env-dashapp-bookreads
channels:
  - conda-forge
  - defaults
dependencies:
  - brotli-python=1.0.9=py311h12c1d0e_8
  - bzip2=1.0.8=h8ffe710_4
  - ca-certificates=2022.9.24=h5b45459_0
  - click=8.1.3=win_pyhd8ed1ab_2
  - colorama=0.4.6=pyhd8ed1ab_0
  - dash=2.7.0=pyhd8ed1ab_0
  - dash-bootstrap-components=1.2.1=pyhd8ed1ab_0
  - flask=2.2.2=pyhd8ed1ab_0
  - flask-compress=1.13=pyhd8ed1ab_0
  - importlib-metadata=5.0.0=pyha770c72_1
  - intel-openmp=2022.1.0=h57928b3_3787
  - itsdangerous=2.1.2=pyhd8ed1ab_0
  - jinja2=3.1.2=pyhd8ed1ab_1
  - libblas=3.9.0=16_win64_mkl
  - libcblas=3.9.0=16_win64_mkl
  - libffi=3.4.2=h8ffe710_5
  - liblapack=3.9.0=16_win64_mkl
  - libsqlite=3.40.0=hcfcfb64_0
  - libzlib=1.2.13=hcfcfb64_4
  - markupsafe=2.1.1=py311ha68e1ae_2
  - mkl=2022.1.0=h6a75c08_874
  - numpy=1.23.5=py311h95d790f_0
  - openssl=3.0.7=hcfcfb64_0
  - pandas=1.5.1=py311hf63dbb6_1
  - pip=22.3.1=pyhd8ed1ab_0
  - plotly=5.11.0=pyhd8ed1ab_0
  - python=3.11.0=hcf16a7b_0_cpython
  - python-dateutil=2.8.2=pyhd8ed1ab_0
  - python_abi=3.11=3_cp311
  - pytz=2022.6=pyhd8ed1ab_0
  - setuptools=65.5.1=pyhd8ed1ab_0
  - six=1.16.0=pyh6c4a22f_0
  - tbb=2021.7.0=h91493d7_0
  - tenacity=8.1.0=pyhd8ed1ab_0
  - tk=8.6.12=h8ffe710_0
  - tzdata=2022f=h191b570_0
  - ucrt=10.0.22621.0=h57928b3_0
  - vc=14.3=h3d8a991_9
  - vs2015_runtime=14.32.31332=h1d6e394_9
  - werkzeug=2.2.2=pyhd8ed1ab_0
  - wheel=0.38.4=pyhd8ed1ab_0
  - xz=5.2.6=h8d14728_0
  - zipp=3.10.0=pyhd8ed1ab_0
